before sort =>  [81 387 347 59 81 318 425 40 456 300 194 11 162 89 228 274 211 445 237 106]
第v%次排序完： 1 [81 387 347 59 81 318 425 40 456 300 194 11 162 89 228 274 211 445 237 106]
第v%次排序完： 2 [81 347 387 59 81 318 425 40 456 300 194 11 162 89 228 274 211 445 237 106]
第v%次排序完： 3 [59 81 347 387 81 318 425 40 456 300 194 11 162 89 228 274 211 445 237 106]
第v%次排序完： 4 [59 81 81 347 387 318 425 40 456 300 194 11 162 89 228 274 211 445 237 106]
第v%次排序完： 5 [59 81 81 318 347 387 425 40 456 300 194 11 162 89 228 274 211 445 237 106]
第v%次排序完： 6 [59 81 81 318 347 387 425 40 456 300 194 11 162 89 228 274 211 445 237 106]
第v%次排序完： 7 [40 59 81 81 318 347 387 425 456 300 194 11 162 89 228 274 211 445 237 106]
第v%次排序完： 8 [40 59 81 81 318 347 387 425 456 300 194 11 162 89 228 274 211 445 237 106]
第v%次排序完： 9 [40 59 81 81 300 318 347 387 425 456 194 11 162 89 228 274 211 445 237 106]
第v%次排序完： 10 [40 59 81 81 194 300 318 347 387 425 456 11 162 89 228 274 211 445 237 106]
第v%次排序完： 11 [11 40 59 81 81 194 300 318 347 387 425 456 162 89 228 274 211 445 237 106]
第v%次排序完： 12 [11 40 59 81 81 162 194 300 318 347 387 425 456 89 228 274 211 445 237 106]
第v%次排序完： 13 [11 40 59 81 81 89 162 194 300 318 347 387 425 456 228 274 211 445 237 106]
第v%次排序完： 14 [11 40 59 81 81 89 162 194 228 300 318 347 387 425 456 274 211 445 237 106]
第v%次排序完： 15 [11 40 59 81 81 89 162 194 228 274 300 318 347 387 425 456 211 445 237 106]
第v%次排序完： 16 [11 40 59 81 81 89 162 194 211 228 274 300 318 347 387 425 456 445 237 106]
第v%次排序完： 17 [11 40 59 81 81 89 162 194 211 228 274 300 318 347 387 425 445 456 237 106]
第v%次排序完： 18 [11 40 59 81 81 89 162 194 211 228 237 274 300 318 347 387 425 445 456 106]
第v%次排序完： 19 [11 40 59 81 81 89 106 162 194 211 228 237 274 300 318 347 387 425 445 456]
bubleSort =>  [11 40 59 81 81 89 106 162 194 211 228 237 274 300 318 347 387 425 445 456]
